#Original vehicle sounds

#Model name, AccelerationSampleIndex, Bank, HornSample, HornFrequency, SirenOrAlarmSample, SirenOrAlarmFrequency, DoorType
LANDSTAL, 277, 13, 0, 26513, 0, 9935, 0
IDAHO, 278, 14, 4, 11487, 0, 9900, 0
STINGER, 269, 5, 6, 11025, 0, 9890, 1
LINERUN, 272, 8, 7, 29711, 0, 9960, 2
PEREN, 278, 14, 4, 12893, 0, 9500, 0
SENTINEL, 271, 7, 1, 10706, 0, 9600, 1
RIO, 268, 0, 7, 29711, 0, 9700, 1
FIRETRUK, 272, 8, 7, 29711, 27, 10588, 2
TRASH, 272, 8, 7, 31478, 0, 9800, 2
STRETCH, 278, 14, 1, 9538, 0, 9900, 1
MANANA, 278, 14, 4, 10842, 0, 10000, 0
INFERNUS, 274, 10, 1, 12017, 0, 9900, 1
VOODOO, 276, 12, 0, 22293, 0, 9800, 1
PONY, 270, 6, 3, 18000, 0, 9700, 0
MULE, 270, 6, 2, 18286, 0, 9600, 0
CHEETAH, 269, 5, 6, 11025, 0, 9500, 1
AMBULAN, 270, 6, 0, 22295, 29, 12688, 0
FBICAR, 271, 7, 6, 9271, 27, 11471, 1
MOONBEAM, 278, 14, 4, 12170, 0, 9400, 0
ESPERANT, 278, 14, 1, 11000, 0, 9300, 0
TAXI, 277, 13, 1, 10796, 0, 9200, 1
WASHING, 271, 7, 1, 10500, 0, 9100, 1
BOBCAT, 277, 13, 5, 10924, 0, 9000, 0
MRWHOOP, 270, 6, 5, 11025, 31, 11025, 0
BFINJECT, 273, 9, 0, 26513, 0, 9100, 0
HUNTER, 453, 30, 0, 26513, 0, 9200, 1
POLICE, 271, 7, 1, 10706, 27, 10511, 1
ENFORCER, 270, 6, 2, 17260, 27, 11029, 0
SECURICA, 270, 6, 5, 8670, 0, 9300, 0
BANSHEE, 274, 10, 6, 10400, 0, 9400, 1
PREDATOR, 268, 0, 0, 26513, 27, 11912, 1
BUS, 272, 8, 3, 11652, 0, 9500, 3
RHINO, 272, 8, 7, 29711, 0, 9600, 2
BARRACKS, 272, 8, 7, 28043, 0, 9700, 2
CUBAN, 273, 9, 0, 25400, 0, 9800, 0
CHOPPER, 268, 0, 0, 26513, 0, 9900, 1
ANGEL, 2687, 20, 0, 26313, 0, 10000, 1
COACH, 272, 8, 2, 16291, 0, 10100, 3
CABBIE, 278, 14, 4, 10842, 0, 9900, 0
STALLION, 278, 14, 4, 10233, 0, 9800, 1
RUMPO, 270, 6, 5, 8670, 0, 9700, 0
RCBANDIT, 423, 17, 5, 20000, 0, 9600, 1
ROMERO, 278, 14, 0, 21043, 0, 9500, 1
PACKER, 272, 8, 7, 29000, 0, 9400, 2
SENTXS, 268, 4, 1, 9003, 0, 9300, 1
ADMIRAL, 271, 7, 6, 12375, 0, 9200, 1
SQUALO, 268, 0, 3, 15554, 0, 9100, 1
SEASPAR, 268, 0, 3, 13857, 0, 9000, 2
PIZZABOY, 285, 21, 0, 30000, 0, 9100, 1
GANGBUR, 274, 10, 0, 22043, 0, 9200, 0
AIRTRAIN, 268, 0, 0, 21043, 0, 9300, 1
DEADDODO, 268, 0, 0, 21043, 0, 9400, 1
SPEEDER, 268, 0, 0, 21043, 0, 9500, 1
REEFER, 268, 0, 0, 21043, 0, 9600, 1
TROPIC, 268, 0, 0, 21043, 0, 9700, 1
FLATBED, 272, 8, 7, 28043, 0, 9800, 2
YANKEE, 270, 6, 2, 18286, 0, 9900, 0
CADDY, 2682, 15, 0, 28500, 0, 9800, 1
ZEBRA, 268, 4, 4, 10842, 0, 9700, 0
TOPFUN, 275, 11, 3, 18000, 0, 9700, 0
SKIMMER, 461, 35, 0, 26513, 0, 9700, 1
PCJ600, 2690, 23, 0, 27000, 0, 9600, 1
FAGGIO, 285, 21, 0, 31000, 0, 9500, 1
FREEWAY, 2687, 20, 5, 11000, 0, 9400, 1
RCBARON, 423, 17, 0, 30000, 0, 15000, 1
RCRAIDER, 425, 18, 0, 30000, 0, 15000, 1
GLENDALE, 276, 12, 4, 10300, 0, 9100, 0
OCEANIC, 276, 12, 4, 10500, 0, 9000, 0
SANCHEZ, 2689, 22, 0, 30000, 0, 9000, 1
SPARROW, 268, 0, 0, 26513, 0, 9100, 2
PATRIOT, 270, 6, 7, 28000, 0, 9200, 2
LOVEFIST, 274, 10, 5, 11200, 0, 9300, 1
COASTG, 268, 0, 0, 26513, 0, 9400, 1
DINGHY, 268, 0, 0, 26513, 0, 9500, 1
HERMES, 276, 12, 4, 10700, 0, 9600, 0
SABRE, 268, 4, 1, 9000, 0, 9700, 0
SABRETUR, 273, 9, 1, 9200, 0, 9800, 0
PHEONIX, 274, 10, 0, 26513, 0, 9900, 1
WALTON, 278, 14, 4, 10540, 0, 9935, 2
REGINA, 275, 11, 5, 11000, 0, 9700, 1
COMET, 269, 5, 1, 9500, 0, 9800, 1
DELUXO, 274, 10, 1, 9700, 0, 9700, 1
BURRITO, 275, 11, 3, 18000, 0, 9600, 0
SPAND, 270, 6, 2, 18000, 0, 9500, 2
MARQUIS, 268, 0, 0, 26513, 0, 9400, 1
BAGGAGE, 275, 11, 0, 27513, 0, 9300, 1
KAUFMAN, 275, 11, 4, 10700, 0, 9200, 0
MAVERICK, 268, 0, 0, 26513, 0, 9100, 2
VCNMAV, 268, 0, 0, 26513, 0, 9000, 2
RANCHER, 277, 13, 3, 18000, 0, 9100, 2
FBIRANCH, 268, 4, 3, 17900, 27, 10511, 2
VIRGO, 271, 7, 0, 26513, 0, 9200, 1
GREENWOO, 275, 11, 1, 9600, 0, 9300, 1
JETMAX, 271, 0, 0, 26513, 0, 9400, 1
HOTRING, 274, 10, 6, 10000, 0, 9500, 0
SANDKING, 273, 9, 6, 10500, 0, 9600, 0
BLISTAC, 277, 13, 0, 25513, 0, 9700, 1
POLMAV, 268, 0, 0, 26513, 0, 9800, 1
BOXVILLE, 270, 6, 0, 26513, 0, 9900, 1
BENSON, 277, 13, 0, 26513, 0, 9800, 1
MESA, 268, 4, 0, 26513, 0, 9700, 1
RCGOBLIN, 425, 18, 0, 26513, 0, 9600, 1
HOTRINA, 273, 9, 0, 26513, 0, 9700, 1
HOTRINB, 274, 10, 0, 26513, 0, 9600, 1
BLOODRA, 268, 4, 0, 26513, 0, 9500, 1
BLOODRB, 276, 12, 0, 26513, 0, 9400, 1
VICECHEE, 269, 5, 6, 11025, 27, 11000, 1

#Boats
#Model name, Volume, fVolumeModificator, Frequency, fFrequencyModificator, EngineType
RIO, 20, 60, 1888, 490, 0
PREDATOR, 20, 60, 9000, 6000, 1
SQUALO, 20, 60, 9000, 6000, 1
SPEEDER, 20, 60, 9000, 6000, 1
COASTG, 20, 60, 9000, 6000, 1
DINGHY, 20, 60, 9000, 6000, 1
JETMAX, 20, 60, 9000, 6000, 1
REEFER, 0, 80, 3775, 715, 0
TROPIC, 20, 60, 1782, 463, 0
MARQUIS, 20, 60, 1782, 463, 0