default, 6508, admiralc, admiralc, car, null, Admiral_Classic_'68, null, richfamily, 10, 7, 0, 253, 0.700000, PoliceRadio
handling 6508 1950.000000 2.160000 5.000000 2.100000 0.000000 0.000000 0.180000 75 0.750000 0.750000 0.530000 5 165.000000 25.000000 4 P 6.000000 0.540000 0 40.000000 0.800000 0.080000 0.260000 0.550000 10000 0.250000 -0.260000 0.500000 0.450000 102 1 1
carcols, 6508, 1,1
sounds, 6508, 276, 4, 0, 25400, 0, 9800, 0

default, 6509, aliscar, aliscar, car, null, Persephone, null, normal, 10, 6, 0, 253, 0.640000, PoliceRadio
handling 6509 1800.000000 2.000000 5.000000 1.600000 0.000000 0.000000 0.000000 70 0.900000 0.800000 0.520000 5 171.000000 19.000000 R P 4.400000 0.600000 0 28.000000 1.000000 0.050000 0.360000 0.540000 19000 0.350000 -0.180000 0.500000 0.000000 1 0 3
carcols4, 6509, 37,38,51,75, 8,71,67,75, 12,71,1,75, 68,68,5,75, 67,67,45,75, 67,71,45,75, 78,67,67,75, 88,88,47,75, 2,2,1,75, 59,59,7,75, 9,9,1,75, 36,36,77,75, 47,47,47,75, 56,71,46,75, 57,57,1,75, 64,64,47,75
sounds, 6509, 278, 14, 1, 11000, 0, 9300, 0

default, 6510, asea, asea, car, null, Declasse_Asea, null, poorfamily, 6, 7, 0, 254, 0.680000, PoliceRadio
handling 6510 1650.000000 2.000000 4.900000 1.600000 0.000000 0.000000 0.000000 75 0.840000 0.800000 0.510000 5 170.000000 20.000000 F P 8.500000 0.530000 0 30.000000 1.200000 0.150000 0.200000 0.560000 35000 0.270000 -0.190000 0.500000 0.550000 8002 0 1
carcols, 6510, 37,37, 42,42, 53,53, 62,62, 7,7, 10,10, 11,11, 15,15
sounds, 6510, 271, 7, 6, 12375, 0, 9200, 1

default, 6511, astrale, astrale, car, null, Cheetah_Classic, null, executive, 10, 7, 0, 250, 0.700000, PoliceRadio
handling 6511 1050.000000 2.000000 4.500000 1.400000 0.000000 -0.100000 -0.310000 70 1.180000 0.890000 0.500000 4 210.000000 30.000000 R P 11.000000 0.490000 0 30.000000 2.000000 0.180000 0.400000 0.540000 115000 0.280000 -0.180000 0.500000 0.200000 1008181 0 0
carcols, 6511, 25,25, 36,36, 52,52, 3,3, 53,53, 76,76
sounds, 6511, 269, 5, 6, 11025, 0, 9500, 1

default, 6512, avari, avari, car, null, Avaritia, null, richfamily, 10, 7, 0, 256, 0.640000, PoliceRadio
handling 6512 1700.000000 1.900000 5.000000 1.700000 0.000000 0.000000 0.280000 75 0.770000 0.800000 0.510000 5 160.000000 15.000000 R P 6.200000 0.560000 0 30.000000 1.000000 0.100000 0.280000 0.440000 20000 0.350000 -0.170000 0.500000 0.500000 200002 0 1
carcols, 6512, 62,37, 78,38, 2,62, 3,87, 2,78, 5,78, 5,62, 7,78
sounds, 6512, 278, 14, 4, 11487, 0, 9900, 0

default, 6513, banshee, banshee, car, null, Banshee, null, executive, 10, 7, 0, 237, 0.700000, PoliceRadio
handling 6513 1300.000000 2.300000 4.500000 1.600000 0.000000 0.000000 -0.150000 70 1.000000 0.850000 0.530000 5 190.000000 32.000000 R P 11.200000 0.510000 0 34.000000 1.800000 0.180000 0.300000 0.490000 45000 0.250000 -0.180000 0.500000 0.300000 8183 1 1
carcols, 6513, 1,1, 3,3, 36,36, 57,57
sounds, 6513, 274, 10, 6, 10400, 0, 9400, 1

default, 6514, bellevue, bellevue, car, null, Bellevue, null, normal, 10, 7, 0, 253, 0.640000, PoliceRadio
handling 6514 1800.000000 2.000000 5.000000 1.600000 0.000000 0.000000 0.000000 70 0.900000 0.800000 0.520000 5 171.000000 19.000000 R P 4.400000 0.600000 0 28.000000 1.000000 0.050000 0.360000 0.540000 19000 0.350000 -0.180000 0.500000 0.000000 1 0 3
carcols4, 6514, 37,38,51,75, 8,71,67,75, 12,71,1,75, 68,68,5,75, 67,67,45,75, 67,71,45,75, 78,67,67,75, 88,88,47,75, 2,2,1,75, 59,59,7,75, 9,9,1,75, 36,36,77,75, 47,47,47,75, 56,71,46,75, 57,57,1,75, 64,64,47,75
sounds, 6514, 278, 14, 1, 11000, 0, 9300, 0

default, 6515, bfinjc, bfinjc, car, null, BFX_Injection, null, executive, 5, 7, 0, 238, 0.800000, PoliceRadio
handling 6515 800.000000 2.000000 3.500000 1.500000 0.000000 0.200000 0.000000 80 1.200000 0.880000 0.500000 4 170.000000 35.000000 R P 6.100000 0.550000 0 35.000000 1.300000 0.050000 0.380000 0.400000 15000 0.330000 -0.170000 0.500000 0.000000 700A918 1 2
carcols, 6515, 54,37, 13,1, 25,1, 38,59, 42,1, 46,1, 55,1, 2,37
sounds, 6515, 273, 9, 0, 26513, 0, 9100, 0

default, 6516, bfinjcNEW, bfinjcNEW, car, null, Hi-Joy, null, moped, 6, 7, 0, 253, 0.730000, PoliceRadio
handling 6516 1800.000000 2.000000 3.500000 1.500000 0.000000 0.000000 -0.085000 75 1.200000 0.880000 0.500000 4 170.000000 35.000000 R P 6.100000 0.550000 0 40.000000 0.800000 0.080000 0.260000 0.400000 15000 0.250000 -0.260000 0.500000 0.450000 7000908 1 1
carcols, 6516, 1,1
sounds, 6516, 273, 9, 0, 25400, 0, 9800, 0

default, 6517, bfinjcnew2, bfinjcnew2, car, null, Hotknife, null, moped, 6, 7, 0, 253, 0.730000, PoliceRadio
handling 6517 1800.000000 2.000000 3.500000 1.500000 0.000000 0.000000 -0.085000 75 1.200000 0.880000 0.500000 4 170.000000 35.000000 R P 6.100000 0.550000 0 40.000000 0.800000 0.080000 0.260000 0.400000 15000 0.250000 -0.260000 0.500000 0.450000 7000908 1 1
carcols, 6517, 58,1, 2,1, 5,1, 18,1, 32,1, 45,1, 13,1, 34,1
sounds, 6517, 273, 9, 0, 25400, 0, 9800, 0

default, 6518, bigfaggio, bigfaggio, bike, null, Bosco, bikev, Normal, 7, 7, 0, 16, 0.564000, PoliceRadio
handling 6518 550.000000 1.100000 1.800000 1.200000 0.000000 0.000000 -0.100000 103 2.200000 0.900000 0.490000 3 210.000000 33.000000 R P 14.300000 0.480000 0 35.000000 1.000000 0.150000 0.100000 0.110000 10000 0.120000 -0.170000 0.500000 0.000000 10003 1 1
handling2 6518 0.350000 0.250000 0.150000 0.060000 35.000008 25.000002 0.890000 0.750000 0.800000 0.100000 35.000008 -44.999996 -0.010000 0.700000 0.500000
carcols, 6518, 26,26, 84,84, 8,8, 69,69, 16,16, 50,50, 60,60, 57,57, 42,42
sounds, 6518, 285, 21, 0, 31000, 0, 9500, 1

default, 6519, blistac, blistac, car, null, Abarth_500, null, poorfamily, 10, 6, 0, 254, 0.700000, PoliceRadio
handling 6519 800.000000 1.900000 4.700000 1.500000 0.000000 0.000000 -0.100000 80 1.100000 0.820000 0.610000 4 155.000000 29.800000 4 P 11.000000 0.460000 0 27.000000 2.600000 0.100000 0.450000 0.500000 35000 0.280000 -0.140000 0.500000 0.000000 208002 1 1
carcols, 6519, 8,70, 12,70, 16,70, 22,70, 34,70, 35,70, 41,70, 42,70
sounds, 6519, 277, 13, 0, 25513, 0, 9700, 1

default, 6520, blistacf, blistacf, car, null, Fujinko, null, normal, 10, 7, 0, 254, 0.700000, PoliceRadio
handling 6520 1000.000000 1.900000 4.700000 1.500000 0.000000 0.000000 -0.300000 50 1.200000 0.850000 0.500000 5 200.000000 30.000000 F P 11.000000 0.450000 0 30.000000 2.600000 0.100000 0.450000 0.500000 35000 0.280000 -0.140000 0.500000 0.000000 208002 1 1
carcols, 6520, 8,1, 12,1, 16,1, 22,1, 34,1, 35,1, 41,1, 42,1
sounds, 6520, 277, 13, 0, 25513, 0, 9700, 1

default, 6521, bloodra, bloodra, car, null, Vapid_Bullion, null, executive, 10, 7, 0, 256, 0.720000, PoliceRadio
handling 6521 2100.000000 2.100000 5.000000 1.400000 0.000000 0.060000 -0.260000 75 1.300000 0.830000 0.520000 4 180.000000 25.000000 R P 8.300000 0.510000 0 35.000000 1.100000 0.080000 0.280000 0.300000 500 0.290000 -0.240000 0.500000 0.000000 3200003 1 1
carcols, 6521, 51,39, 57,38, 45,29, 34,9, 65,9, 14,1, 12,9, 26,1
sounds, 6521, 276, 12, 0, 26513, 0, 9500, 1

default, 6522, bloodrb, bloodrb, car, null, Classique_Cottonmounth, null, executive, 10, 7, 0, 253, 0.700000, PoliceRadio
handling 6522 1600.000000 2.000000 5.000000 2.000000 0.000000 0.000000 0.100000 75 0.900000 0.700000 0.520000 5 170.000000 25.999998 R P 6.200000 0.550000 0 35.000000 1.000000 0.060000 0.280000 0.300000 500 0.350000 -0.170000 0.500000 0.000000 3200003 1 1
carcols, 6522, 51,9, 57,1, 45,9, 34,1, 65,9, 14,1, 12,9, 26,1
sounds, 6522, 268, 4, 0, 26513, 0, 9400, 1

default, 6523, bobcat, bobcat, car, null, Bobcat, null, normal, 10, 7, 0, 254, 0.700000, PoliceRadio
handling 6523 2000.000000 2.100000 5.000000 2.300000 0.000000 0.300000 0.000000 75 0.900000 0.760000 0.570000 5 165.000000 17.000000 4 D 8.500000 0.500000 0 35.000000 2.000000 0.120000 0.260000 0.200000 26000 0.350000 -0.290000 0.400000 0.000000 1000A02 0 1
carcols, 6523, 5,8, 32,8, 43,8, 67,8, 11,11, 8,90, 2,2, 83,13
sounds, 6523, 277, 13, 5, 10924, 0, 9000, 0

default, 6524, buffaloc, buffaloc, car, null, Buffalo_Classic, null, executive, 10, 7, 12272, 253, 0.700000, PoliceRadio
handling 6524 1800.000000 2.100000 5.100000 1.900000 0.000000 0.120000 0.100000 70 1.100000 0.840000 0.530000 4 170.000000 23.000000 R P 8.180000 0.530000 0 35.000000 1.500000 0.100000 0.300000 0.520000 19000 0.300000 -0.150000 0.500000 0.250000 801 1 1
carcols, 6524, 2,39, 9,39, 17,1, 21,1, 33,0, 37,0, 41,29, 56,29
sounds, 6524, 268, 4, 1, 9000, 0, 9700, 0

default, 6525, bug, bug, car, null, Bug, null, poorfamily, 10, 7, 12272, 253, 0.700000, PoliceRadio
handling 6525 1000.000000 2.000000 3.700000 1.800000 0.000000 0.000000 0.000000 70 1.120000 0.750000 0.530000 4 140.000000 24.000000 R P 8.200000 0.510000 0 35.000000 1.500000 0.100000 0.300000 0.640000 19000 0.300000 -0.200000 0.500000 0.000000 2901 1 1
carcols, 6525, 57,57, 8,8, 43,43, 54,54, 67,67, 37,37, 65,65, 25,25
sounds, 6525, 270, 6, 4, 10233, 0, 9800, 1

default, 6526, bullet, bullet, car, null, Bullet, null, executive, 10, 7, 20479, 254, 0.820000, PoliceRadio
handling 6526 1100.000000 2.300000 4.500000 1.300000 0.000000 -0.150000 -0.310000 70 1.300000 0.890000 0.530000 5 210.000000 32.100000 R P 9.800000 0.530000 0 30.000000 1.600000 0.130000 0.400000 0.560000 45000 0.300000 -0.180000 0.500000 0.400000 1200182 1 1
carcols, 6526, 7,53, 3,40, 35,53, 40,75, 42,2, 46,6
sounds, 6526, 274, 10, 0, 26513, 0, 9600, 1

default, 6527, cafec, cafec, bike, null, Cafe_Bobber, bikes, motorbike, 6, 7, 0, 23, 0.654000, PoliceRadio
handling 6527 800.000000 1.100000 2.200000 1.500000 0.000000 0.100000 0.000000 103 0.940000 0.840000 0.410000 3 180.000000 55.000000 R P 10.000000 0.500000 0 39.000000 0.650000 0.200000 0.300000 0.240000 10000 0.090000 -0.110000 0.550000 0.000000 10103 1 1
handling2 6527 0.100000 0.050000 0.300000 0.062000 30.000000 25.000002 0.945000 1.200000 0.700000 0.100000 33.000000 -55.000000 -0.006000 0.500000 0.300000
carcols, 6527, 79,79, 84,84, 7,7, 11,11, 19,19, 22,22, 36,36, 53,53
sounds, 6527, 284, 20, 5, 11000, 0, 9400, 1

default, 6528, camino, camino, car, null, Ruber, null, poorfamily, 10, 7, 0, 256, 0.660000, PoliceRadio
handling 6528 1720.000000 1.900000 5.000000 1.700000 0.000000 0.100000 0.150000 75 0.780000 0.740000 0.520000 5 154.000000 18.000000 R P 6.200000 0.550000 0 34.000000 1.000000 0.100000 0.280000 0.440000 20000 0.350000 -0.170000 0.500000 0.500000 1000A02 0 1
carcols, 6528, 77,77, 79,79, 2,2, 15,15, 9,9, 12,12, 37,37, 7,78, 38,38, 38,46, 2,62, 59,58, 39,46, 46,1, 35,62, 12,62
sounds, 6528, 268, 4, 1, 9000, 0, 9700, 0

default, 6529, cavalo, cavalo, car, null, Vapid_Cavalo, null, normal, 10, 7, 0, 253, 0.700000, PoliceRadio
handling 6529 1550.000000 2.000000 4.500000 1.400000 0.000000 0.100000 0.050000 75 1.050000 0.850000 0.530000 4 160.000000 23.000000 R P 7.000000 0.440000 0 40.000000 2.400000 0.090000 0.200000 0.400000 10000 0.250000 -0.150000 0.500000 0.500000 2 1 1
carcols, 6529, 6,76
sounds, 6529, 278, 14, 4, 12345, 0, 9935, 0

default, 6530, chariot, chariot, car, null, Le_Chariot_A1, null, executive, 10, 7, 12272, 250, 0.700000, PoliceRadio
handling 6530 1100.000000 1.900000 4.600000 1.400000 0.000000 -0.050000 -0.150000 85 1.100000 0.960000 0.530000 5 190.000000 27.000000 R P 10.000000 0.460000 0 26.000000 1.600000 0.190000 0.250000 0.500000 35000 0.280000 -0.150000 0.500000 0.400000 A102 1 1
carcols, 6530, 1,1, 79,79, 20,20, 39,39, 47,47, 3,3, 2,2, 7,7, 57,57
sounds, 6530, 274, 10, 6, 11025, 0, 9890, 0

default, 6531, cheetah, cheetah, car, null, Cheetah, null, executive, 10, 7, 12272, 250, 0.700000, PoliceRadio
handling 6531 1200.000000 2.000000 4.500000 1.300000 0.000000 0.100000 -0.300000 75 1.300000 0.890000 0.500000 5 230.000000 32.000000 R P 11.100000 0.480000 0 28.000000 2.200000 0.100000 0.400000 0.540000 105000 0.210000 -0.120000 0.500000 0.300000 1008181 0 0
carcols, 6531, 25,25, 36,36, 52,52, 3,3, 53,53, 76,76
sounds, 6531, 269, 5, 6, 11025, 0, 9500, 1

default, 6532, cheetah76, cheetah76, car, null, Cheetah_Classic, null, executive, 10, 7, 0, 250, 0.700000, PoliceRadio
handling 6532 1200.000000 2.000000 4.500000 1.400000 0.000000 -0.050000 -0.250000 70 1.200000 0.890000 0.500000 5 220.000000 31.000000 R P 10.100000 0.490000 0 30.000000 1.900000 0.040000 0.400000 0.540000 105000 0.270000 -0.210000 0.500000 0.300000 1008181 0 0
carcols, 6532, 25,25, 36,36, 52,52, 3,3, 53,53, 76,76
sounds, 6532, 269, 5, 6, 11025, 0, 9500, 1

default, 6533, chumash, chumash, car, null, Chumash, null, normal, 10, 7, 0, 251, 0.700000, PoliceRadio
handling 6533 1600.000000 2.000000 4.500000 1.400000 0.000000 0.000000 0.100000 70 1.000000 0.860000 0.500000 4 160.000000 15.000000 R P 7.000000 0.500000 0 32.000000 1.500000 0.080000 0.260000 0.850000 9000 0.310000 -0.150000 0.500000 0.000000 102 0 0
carcols, 6533, 40,65, 71,72, 52,66, 64,72, 30,72, 60,72
sounds, 6533, 271, 7, 0, 26513, 0, 9200, 1

default, 6534, club, club, car, null, Dinka, null, executive, 10, 7, 0, 254, 0.720000, PoliceRadio
handling 6534 1190.000000 1.900000 4.700000 1.500000 0.000000 0.000000 -0.300000 50 1.200000 0.850000 0.500000 5 180.000000 26.000000 F P 11.000000 0.450000 0 30.000000 2.600000 0.100000 0.450000 0.500000 35000 0.280000 -0.140000 0.500000 0.000000 20810A 1 1
carcols, 6534, 9,1, 12,1, 17,1, 7,1, 37,1, 35,1, 40,1, 45,1, 14,1, 6,1, 39,1, 49,1, 54,1, 56,1, 75,1, 79,1
sounds, 6534, 271, 7, 0, 25513, 0, 9700, 1

default, 6535, comet, comet, car, null, Comet, null, richfamily, 10, 7, 12272, 250, 0.700000, PoliceRadio
handling 6535 1400.000000 1.900000 4.700000 1.600000 0.000000 0.100000 -0.300000 75 1.100000 0.900000 0.500000 5 200.000000 28.000000 4 P 11.000000 0.450000 0 30.000000 2.000000 0.150000 0.250000 0.600000 35000 0.280000 -0.160000 0.500000 0.300000 2103 1 1
carcols, 6535, 1,1, 12,12, 2,2, 6,6, 4,4, 46,46, 53,53
sounds, 6535, 269, 5, 1, 9500, 0, 9800, 1

default, 6536, corsar, corsar, car, null, Corsar, van, normal, 10, 7, 0, 255, 0.900000, PoliceRadio
handling 6536 4000.000000 2.400000 6.800000 2.900000 0.000000 0.200000 0.200000 85 0.650000 0.600000 0.480000 5 160.000000 15.800000 R D 8.400000 0.450000 0 27.000000 1.800000 0.100000 0.320000 0.160000 40000 0.370000 -0.170000 0.500000 0.000000 0 0 1
carcols, 6536, 7,70, 8,70, 29,70, 33,70, 59,70
sounds, 6536, 270, 6, 2, 17260, 0, 11025, 0

default, 6537, coyote, coyote, car, null, Coyote, null, normal, 6, 7, 0, 254, 0.900000, PoliceRadio
handling 6537 1400.000000 2.000000 3.500000 2.200000 0.000000 0.000000 -0.200000 85 0.910000 0.810000 0.530000 5 170.000000 21.000000 4 D 7.200000 0.400000 0 35.000000 1.600000 0.070000 0.180000 0.300000 25000 0.320000 -0.150000 0.350000 0.400000 4002203 0 1
carcols, 6537, 30,65, 48,65, 64,68, 64,71, 11,73, 60,68, 74,64
sounds, 6537, 268, 4, 0, 26513, 0, 9700, 1

default, 6538, deliverr, deliverr, car, null, Deliverer, van, worker, 10, 7, 0, 255, 0.760000, PoliceRadio
handling 6538 5800.000000 3.000000 6.500000 3.800000 0.000000 0.000000 0.250000 80 0.820000 0.700000 0.460000 5 150.000000 13.000000 R D 4.500000 0.600000 0 30.000000 0.900000 0.080000 0.460000 0.400000 22000 0.250000 -0.280000 0.400000 0.600000 2004022 0 3
carcols, 6538, 22,77, 32,76, 46,75, 57,74, 66,74, 78,75, 1,74
sounds, 6538, 270, 6, 0, 26513, 0, 9900, 2

default, 6539, diamond, diamond, car, null, Diamond_S, null, richfamily, 10, 7, 0, 254, 0.680000, PoliceRadio
handling 6539 1780.000000 2.000000 4.900000 1.500000 0.000000 0.000000 -0.050000 75 0.850000 0.800000 0.510000 5 165.000000 22.000000 F P 8.500000 0.520000 0 30.000000 1.200000 0.150000 0.200000 0.560000 35000 0.240000 -0.150000 0.500000 0.550000 8002 0 1
carcols, 6539, 37,82, 42,82, 53,82, 62,82, 7,82, 10,82, 11,82, 15,82
sounds, 6539, 271, 7, 6, 12375, 0, 9200, 1

default, 6540, dinka, dinka, bike, null, Dinka_Wayfarer_Classic, biked, motorbike, 10, 6, 0, 23, 0.654000, PoliceRadio
handling 6540 900.000000 1.300000 2.200000 1.500000 0.000000 0.180000 0.000000 103 1.200000 0.860000 0.520000 4 200.000000 43.000000 R P 12.300000 0.560000 0 38.000000 0.650000 0.200000 0.300000 0.280000 10000 0.090000 -0.110000 0.550000 0.000000 10103 1 1
handling2 6540 0.100000 0.050000 0.300000 0.065000 30.000000 25.000002 0.930000 1.000000 0.700000 0.100000 33.000000 -55.000000 -0.006000 0.500000 0.300000
carcols, 6540, 14,75
sounds, 6540, 284, 20, 0, 26313, 0, 10000, 1

default, 6541, dominat, dominat, car, null, Vapid_Dominator, null, normal, 10, 7, 0, 250, 0.740000, PoliceRadio
handling 6541 1300.000000 2.300000 4.500000 1.500000 0.000000 0.160000 -0.250000 85 1.100000 0.800000 0.530000 5 200.000000 28.300000 R P 11.200000 0.510000 0 30.000000 1.400000 0.100000 0.340000 0.600000 45000 0.320000 -0.250000 0.500000 0.300000 209181 1 1
carcols, 6541, 1,1, 3,3, 2,2, 6,6, 79,41, 8,41, 12,76, 16,76
sounds, 6541, 274, 10, 0, 26513, 0, 9900, 1

default, 6542, esperan, esperan, car, null, Desperados, null, poorfamily, 10, 7, 0, 256, 0.680000, PoliceRadio
handling 6542 2000.000000 1.900000 5.000000 1.700000 0.000000 0.000000 0.250000 75 0.750000 0.700000 0.520000 5 160.000000 16.000000 R P 6.200000 0.550000 0 30.000000 1.000000 0.100000 0.280000 0.440000 20000 0.350000 -0.170000 0.500000 0.500000 200002 0 1
carcols, 6542, 62,37, 78,38, 2,62, 3,87, 2,78, 5,78, 5,62, 7,78
sounds, 6542, 278, 14, 4, 11487, 0, 9900, 0

default, 6543, espirit, espirit, car, null, Retinue_XT, null, normal, 10, 7, 0, 250, 0.860000, PoliceRadio
handling 6543 1150.000000 2.000000 4.500000 1.400000 0.000000 0.100000 -0.280000 70 1.400000 0.990000 0.460000 5 200.000000 26.000000 R P 10.200000 0.400000 0 30.000000 2.300000 0.230000 0.400000 0.540000 105000 0.260000 -0.170000 0.500000 0.400000 1008181 0 0
carcols, 6543, 25,25, 36,36, 52,52, 3,3, 53,53, 76,76
sounds, 6543, 269, 5, 6, 11025, 0, 9500, 1

default, 6544, faggio, faggio, bike, null, Folding_MiniBike, bikev, moped, 10, 6, 0, 16, 0.464000, PoliceRadio
handling 6544 250.000000 1.100000 1.700000 1.200000 0.000000 0.000000 -0.110000 103 2.100000 0.910000 0.480000 1 90.000000 60.000000 R P 14.000000 0.500000 0 30.000000 1.000000 0.150000 0.100000 0.110000 8000 0.120000 -0.170000 0.500000 0.000000 10003 1 1
handling2 6544 0.350000 0.250000 0.150000 0.060000 35.000008 25.000002 0.890000 0.750000 0.800000 0.100000 35.000008 -44.999996 -0.010000 0.700000 0.500000
carcols, 6544, 2,37, 68,78, 11,79, 15,8, 33,37, 44,78, 56,79, 60,8
sounds, 6544, 285, 21, 0, 31000, 0, 9500, 1

default, 6545, fbiburrito, fbiburrito, car, null, FBI_Reporter, van, ignore, 1, 6, 0, 239, 0.700000, PoliceRadio
handling 6545 1900.000000 2.300000 5.000000 2.300000 0.000000 0.200000 0.000000 85 0.970000 0.770000 0.510000 5 150.000000 25.000000 R P 8.500000 0.450000 0 30.000000 1.300000 0.080000 0.200000 0.500000 26000 0.330000 -0.250000 0.400000 0.500000 8021 0 1
carcols, 6545, 70,70
sounds, 6545, 275, 11, 3, 18000, 0, 9600, 0

default, 6546, fbicruiser, fbicruiser, car, null, FBI_Pursuit_Unit, null, ignore, 1, 6, 0, 251, 0.700000, PoliceRadio
handling 6546 1400.000000 2.200000 4.500000 1.600000 0.000000 0.000000 -0.200000 70 1.130000 0.860000 0.540000 5 210.000000 30.000000 R P 11.000000 0.510000 0 32.000000 2.210000 0.170000 0.290000 0.330000 35000 0.260000 -0.170000 0.500000 0.350000 8102 1 1
carcols, 6546, 70,70
sounds, 6546, 271, 7, 6, 9271, 27, 11471, 1

default, 6547, fbiswatpatriot, fbiswatpatriot, car, null, FBI-SWAT_Patriot_Shorty, null, ignore, 1, 6, 0, 238, 0.800000, PoliceRadio
handling 6547 2500.000000 2.400000 4.700000 2.200000 0.000000 0.000000 -0.150000 80 0.920000 0.780000 0.500000 5 170.000000 19.000000 4 P 8.170000 0.500000 0 30.000000 1.500000 0.100000 0.280000 0.250000 40000 0.350000 -0.350000 0.500000 0.000000 4004103 0 1
carcols, 6547, 52,0
sounds, 6547, 270, 6, 7, 28000, 0, 9200, 2

default, 6548, fcr1200, fcr1200, bike, null, FCR_1200, bikes, motorbike, 7, 7, 0, 23, 0.670000, PoliceRadio
handling 6548 850.000000 1.200000 1.800000 1.200000 0.000000 0.150000 0.000000 103 1.800000 0.930000 0.490000 5 229.999995 71.000000 R P 21.000000 0.560000 1 35.000000 0.650000 0.200000 0.300000 0.180000 10000 0.090000 -0.110000 0.550000 0.000000 10102 1 1
handling2 6548 0.100000 0.050000 0.300000 0.065000 30.000000 25.000002 0.930000 1.000000 0.700000 0.100000 33.000000 -55.000000 -0.006000 0.500000 0.300000
carcols, 6548, 1,38, 3,38, 50,38, 63,38, 0,38
sounds, 6548, 287, 23, 0, 27000, 0, 9600, 1

default, 6549, float, float, car, null, Floaty, null, richfamily, 10, 7, 12272, 253, 0.700000, PoliceRadio
handling 6549 1600.000000 2.100000 3.800000 1.900000 0.000000 0.020000 0.100000 70 0.700000 0.750000 0.550000 4 200.000000 13.000000 R P 7.170000 0.520000 0 35.000000 1.500000 0.100000 0.400000 0.640000 19000 0.300000 -0.200000 0.500000 0.000000 2901 1 1
carcols, 6549, 57,8, 8,17, 43,21, 54,38, 67,8, 37,78, 65,79, 25,78
sounds, 6549, 276, 12, 4, 10233, 0, 9800, 1

default, 6550, freewmc, freewmc, bike, null, WMC_Sovereign, biked, motorbike, 10, 6, 0, 23, 0.654000, PoliceRadio
handling 6550 850.000000 1.200000 2.300000 1.400000 0.000000 0.000000 0.000000 103 1.100000 0.820000 0.510000 4 190.000000 38.500000 R P 10.200000 0.560000 0 35.000000 0.850000 0.150000 0.300000 0.240000 10000 0.150000 -0.160000 0.500000 0.000000 10103 1 1
handling2 6550 0.330000 0.150000 0.300000 0.075000 35.000000 38.000004 0.930000 0.800000 0.600000 0.100000 33.000000 -50.000000 -0.007000 0.600000 0.400000
carcols, 6550, 79,79, 84,84, 7,7, 11,11, 19,19, 22,22, 36,36, 53,53
sounds, 6550, 284, 20, 5, 11000, 0, 9400, 1

default, 6551, gauntlet, gauntlet, car, null, Gauntlet, null, richfamily, 10, 7, 12272, 253, 0.700000, PoliceRadio
handling 6551 1850.000000 2.100000 4.700000 2.100000 0.000000 0.260000 0.080000 70 1.080000 0.840000 0.510000 5 190.000000 32.200000 R P 6.400000 0.510000 0 33.000000 1.300000 0.100000 0.300000 0.550000 45000 0.300000 -0.200000 0.500000 0.400000 3009901 1 1
carcols, 6551, 35,70, 23,70, 44,70
sounds, 6551, 273, 9, 1, 9200, 0, 9800, 0

default, 6552, greenwo, greenwo, car, null, Worchester, null, poorfamily, 10, 7, 0, 251, 0.700000, PoliceRadio
handling 6552 1750.000000 2.000000 5.000000 1.700000 0.000000 0.000000 -0.010000 70 0.920000 0.800000 0.520000 5 160.000000 16.000000 R P 5.500000 0.580000 0 30.000000 1.200000 0.090000 0.260000 0.540000 19000 0.320000 -0.160000 0.500000 0.000000 2 0 3
carcols, 6552, 78,78, 80,13, 2,78, 11,79, 16,8, 25,8, 33,78, 42,79
sounds, 6552, 275, 11, 1, 9600, 0, 9300, 1

default, 6553, hermes, hermes, car, null, Cordelia, null, richfamily, 10, 7, 0, 253, 0.700000, PoliceRadio
handling 6553 1950.000000 2.000000 5.000000 2.000000 0.000000 0.000000 0.000000 70 0.700000 0.750000 0.510000 5 160.000000 18.000000 F P 3.500000 0.600000 0 28.000000 1.000000 0.050000 0.360000 0.420000 19000 0.350000 -0.200000 0.500000 0.000000 101 1 3
carcols, 6553, 2,2, 16,16, 17,17, 21,21, 32,32, 38,38, 43,43, 60,60
sounds, 6553, 276, 12, 4, 10700, 0, 9600, 0

default, 6554, idaho, idaho, car, null, Idaho, null, poorfamily, 10, 7, 0, 253, 0.640000, PoliceRadio
handling 6554 1750.000000 2.100000 5.200000 1.500000 0.000000 0.000000 0.000000 70 0.900000 0.800000 0.520000 5 160.000000 18.000000 R P 3.400000 0.600000 0 28.000000 1.000000 0.050000 0.360000 0.540000 19000 0.350000 -0.180000 0.500000 0.000000 1 0 3
carcols, 6554, 45,72, 47,72, 33,72, 13,72, 54,66, 69,72, 59,59, 87,65
sounds, 6554, 278, 14, 1, 11000, 0, 9300, 0

default, 6555, idaholr, idaholr, car, null, Chino, null, normal, 10, 5, 0, 256, 0.680000, PoliceRadio
handling 6555 1600.000000 1.900000 5.000000 1.700000 0.000000 0.000000 0.250000 75 0.750000 0.700000 0.520000 5 160.000000 16.000000 R P 6.200000 0.550000 0 30.000000 1.000000 0.100000 0.280000 0.440000 20000 0.350000 -0.170000 0.500000 0.500000 200002 0 1
carcols, 6555, 62,1, 1,1, 46,1, 3,1, 2,6, 47,6, 6,6, 59,1, 62,63, 1,63, 46,63, 3,63, 2,63, 5,63, 68,63, 67,63
sounds, 6555, 278, 14, 4, 11487, 0, 9900, 1

default, 6556, infernevo, infernevo, car, null, Infernus_EVO, null, executive, 10, 7, 0, 237, 0.740000, PoliceRadio
handling 6556 1550.000000 2.000000 4.400000 1.300000 0.000000 0.000000 -0.280000 70 1.280000 0.800000 0.520000 5 245.000000 38.600000 4 P 12.300000 0.510000 1 30.000000 1.800000 0.160000 0.370000 0.700000 105000 0.270000 -0.160000 0.500000 0.350000 1208182 1 1
carcols, 6556, 1,1, 20,20, 3,3, 35,35, 40,40
sounds, 6556, 274, 10, 1, 9700, 0, 9700, 1

default, 6557, inferns, inferns, car, null, Phoenix_Classic, null, executive, 10, 7, 0, 237, 0.740000, PoliceRadio
handling 6557 1600.000000 2.000000 4.400000 1.300000 0.000000 0.000000 -0.300000 70 1.200000 0.700000 0.460000 4 200.000000 26.000000 4 P 11.000000 0.530000 0 30.000000 1.800000 0.190000 0.370000 0.720000 95000 0.250000 -0.170000 0.500000 0.400000 1208182 1 1
carcols, 6557, 2,2, 11,11, 12,12, 35,35, 36,36
sounds, 6557, 274, 10, 1, 12017, 0, 9900, 1

default, 6558, jopa1000_VC, jopa1000_VC, bike, null, Jopa-1000, bikes, motorbike, 7, 6, 0, 23, 0.660000, PoliceRadio
handling 6558 900.000000 1.200000 1.800000 1.500000 0.000000 0.050000 -0.090000 103 1.400000 0.850000 0.490000 5 200.000000 45.000000 R P 17.000000 0.550000 0 35.000000 0.750000 0.170000 0.300000 0.150000 10000 0.120000 -0.140000 0.510000 0.000000 10103 1 1
handling2 6558 0.250000 0.300000 0.300000 0.075000 41.000004 33.000000 0.930000 0.700000 0.800000 0.100000 41.999996 -45.000008 -0.006000 0.700000 0.400000
carcols, 6558, 6,6, 46,46, 53,53, 3,3
sounds, 6558, 284, 20, 5, 11000, 0, 9400, 1

default, 6559, jpony, jpony, car, null, Traveler, van, poorfamily, 10, 7, 0, 252, 0.700000, PoliceRadio
handling 6559 2600.000000 2.000000 6.000000 2.600000 0.000000 0.000000 -0.250000 80 0.850000 0.700000 0.460000 5 160.000000 15.000000 R D 6.000000 0.800000 0 30.000000 2.600000 0.070000 0.200000 0.500000 20000 0.350000 -0.150000 0.250000 0.000000 22 0 3
carcols, 6559, 62,62, 58,58, 62,62, 58,58, 32,32, 88,88, 1,1, 3,3
sounds, 6559, 270, 6, 3, 18000, 0, 9700, 0

default, 6560, kamacho, kamacho, car, null, Canis_Kamacho, null, big, 10, 7, 0, 254, 0.700000, PoliceRadio
handling 6560 1950.000000 2.100000 5.000000 2.100000 0.000000 0.000000 0.000000 75 0.900000 0.710000 0.530000 4 160.000000 16.000000 4 D 7.500000 0.500000 0 35.000000 2.000000 0.120000 0.260000 0.190000 26000 0.350000 -0.290000 0.400000 0.000000 A02 1 1
carcols, 6560, 72,72, 93,93, 4,4, 11,11, 42,42, 51,51, 60,60, 64,64
sounds, 6560, 278, 14, 4, 10540, 0, 9935, 2

default, 6561, kowasu, kowasu, car, null, Kowasu, null, richfamily, 7, 6, 0, 253, 0.700000, PoliceRadio
handling 6561 1250.000000 2.000000 3.200000 2.700000 0.000000 0.100000 -0.080000 75 1.600000 0.730000 0.450000 5 150.000000 19.800000 F D 7.100000 0.460000 0 38.000000 2.300000 0.090000 0.200000 0.400000 10000 0.250000 -0.150000 0.500000 0.500000 2 1 1
carcols, 6561, 77,76, 78,1, 31,0, 4,1, 32,0
sounds, 6561, 278, 14, 4, 10842, 0, 9900, 0

default, 6562, landstk, landstk, car, null, Landstalker_XP, null, normal, 10, 7, 0, 254, 0.800000, PoliceRadio
handling 6562 1700.000000 2.000000 5.000000 2.000000 0.000000 0.000000 -0.010000 85 0.860000 0.850000 0.510000 5 165.000000 18.000000 4 D 6.300000 0.600000 0 33.000000 1.700000 0.070000 0.270000 0.230000 25000 0.250000 -0.150000 0.500000 0.250000 C00B 0 1
carcols, 6562, 11,11, 18,18, 47,47, 41,41, 64,64, 52,52, 56,56, 32,32
sounds, 6562, 277, 13, 0, 26513, 0, 9935, 1

default, 6563, longbrdg, longbrdg, car, null, Longbridge, null, executive, 10, 7, 0, 251, 0.700000, PoliceRadio
handling 6563 1500.000000 2.000000 4.900000 1.530000 0.000000 0.000000 -0.100000 75 0.920000 0.920000 0.510000 5 180.000000 23.000000 4 P 10.100000 0.490000 0 30.000000 1.600000 0.120000 0.240000 0.230000 18000 0.270000 -0.190000 0.500000 0.300000 8102 0 2
carcols, 6563, 9,9, 30,30, 36,36, 42,42, 13,13, 25,25, 54,54, 60,60
sounds, 6563, 271, 7, 6, 9271, 27, 11471, 1

default, 6564, maggio, maggio, bike, null, Critter_'69, bikev, moped, 10, 6, 0, 16, 0.464000, PoliceRadio
handling 6564 400.000000 1.100000 1.700000 1.200000 0.000000 0.000000 -0.110000 103 2.100000 0.910000 0.480000 1 102.000000 38.000000 R P 12.000000 0.600000 0 30.000000 0.980000 0.190000 0.100000 0.110000 8000 0.200000 -0.130000 0.500000 0.020000 10003 1 1
handling2 6564 0.350000 0.250000 0.150000 0.060000 35.000008 25.000002 0.890000 0.750000 0.800000 0.100000 35.000008 -44.999996 -0.010000 0.700000 0.500000
carcols, 6564, 2,37, 68,78, 11,79, 15,8, 33,37, 44,78, 56,79, 60,8
sounds, 6564, 285, 21, 0, 31000, 0, 9500, 1

default, 6565, manana, manana, car, null, Manana, null, poorfamily, 5, 7, 0, 256, 0.700000, PoliceRadio
handling 6565 1000.000000 2.000000 4.500000 1.400000 0.000000 0.000000 0.100000 70 1.000000 0.860000 0.500000 4 160.000000 15.000000 F P 8.000000 0.800000 0 30.000000 1.600000 0.080000 0.260000 0.500000 9000 0.310000 -0.110000 0.500000 0.000000 2 0 0
carcols, 6565, 58,1, 69,1, 75,77, 18,1, 32,1, 45,45, 13,1, 34,1
sounds, 6565, 278, 14, 4, 10842, 0, 10000, 0

default, 6566, melizzano, melizzano, car, null, Melizzano, null, executive, 7, 7, 12272, 250, 0.700000, PoliceRadio
handling 6566 1300.000000 2.100000 4.600000 1.350000 0.000000 0.040000 -0.190000 85 1.400000 0.860000 0.520000 5 215.000000 29.000000 F P 10.000000 0.460000 0 30.000000 1.600000 0.100000 0.250000 0.500000 35000 0.210000 -0.100000 0.600000 0.100000 A102 1 1
carcols, 6566, 1,1, 6,6, 26,26, 39,39, 56,56, 52,52, 3,3
sounds, 6566, 269, 5, 6, 11025, 0, 9890, 1

default, 6567, melizzano2, melizzano2, car, null, Stirling_GT, null, executive, 7, 7, 12272, 250, 0.700000, PoliceRadio
handling 6567 1300.000000 2.100000 4.600000 1.350000 0.000000 0.040000 -0.190000 85 1.400000 0.860000 0.520000 5 215.000000 29.000000 F P 10.000000 0.460000 0 30.000000 1.600000 0.100000 0.250000 0.500000 35000 0.210000 -0.100000 0.600000 0.100000 A102 1 1
carcols, 6567, 1,1, 6,6, 26,26, 39,39, 56,56, 52,52, 3,3
sounds, 6567, 269, 5, 6, 11025, 0, 9890, 1

default, 6568, milano, milano, car, null, Vapid_Milano, null, normal, 10, 7, 0, 253, 0.640000, PoliceRadio
handling 6568 1800.000000 2.000000 5.000000 1.600000 0.000000 0.000000 0.000000 70 0.930000 0.800000 0.520000 5 160.000000 19.000000 R P 3.400000 0.590000 0 28.000000 1.000000 0.050000 0.360000 0.540000 19000 0.350000 -0.180000 0.500000 0.000000 1 0 3
carcols, 6568, 45,75, 47,76, 33,75, 13,76, 54,75, 69,76, 59,75, 87,76
sounds, 6568, 278, 14, 1, 11000, 0, 9300, 0

default, 6569, mirion, mirion, car, null, Mirion, null, poorfamily, 10, 7, 12272, 253, 0.700000, PoliceRadio
handling 6569 1350.000000 2.200000 4.500000 2.000000 0.000000 0.100000 0.020000 75 1.000000 0.830000 0.550000 4 155.000000 19.800000 R P 6.800000 0.450000 0 38.000000 2.300000 0.090000 0.200000 0.400000 10000 0.250000 -0.150000 0.500000 0.500000 2 1 1
carcols, 6569, 59,76, 39,1, 22,0, 7,1, 15,0
sounds, 6569, 278, 14, 4, 10842, 0, 9900, 0

default, 6570, montoya, montoya, car, null, Montoya, null, executive, 10, 7, 0, 253, 0.700000, PoliceRadio
handling 6570 2050.000000 2.100000 5.000000 2.200000 0.000000 0.000000 0.100000 75 0.750000 0.750000 0.530000 5 160.000000 26.000000 4 P 6.000000 0.540000 0 40.000000 0.800000 0.080000 0.260000 0.550000 10000 0.250000 -0.260000 0.500000 0.450000 2 1 1
carcols, 6570, 2,2, 16,1, 17,0, 21,21, 32,32, 38,38, 43,1, 60,1
sounds, 6570, 276, 12, 0, 25400, 0, 9800, 0

default, 6571, moonbm, moonbm, car, null, Moonbeam_Classic, null, poorfamily, 10, 7, 0, 252, 0.700000, PoliceRadio
handling 6571 2000.000000 2.200000 5.500000 2.500000 0.000000 0.000000 0.100000 85 0.980000 0.800000 0.470000 5 140.000000 14.000000 F D 5.400000 0.630000 0 30.000000 1.500000 0.100000 0.200000 0.750000 16000 0.350000 -0.150000 0.500000 0.000000 A 1 3
carcols, 6571, 43,43, 48,48, 54,54, 61,61, 64,64, 9,9, 13,13, 32,32
sounds, 6571, 278, 14, 4, 12170, 0, 9400, 0

default, 6572, moonpony, moonpony, car, null, Pony-Moon, null, worker, 10, 7, 0, 252, 0.700000, PoliceRadio
handling 6572 1800.000000 2.100000 5.300000 2.300000 0.000000 0.000000 0.000000 85 0.960000 0.820000 0.460000 5 160.000000 16.000000 F D 5.500000 0.550000 0 30.000000 1.400000 0.050000 0.200000 0.600000 26000 0.330000 -0.210000 0.500000 0.000000 22 1 3
carcols, 6572, 78,73, 16,72, 1,75, 18,74, 88,88, 37,1, 59,59, 19,19
sounds, 6572, 270, 6, 5, 8670, 0, 9700, 0

default, 6573, mop50, mop50, bike, null, Ventoso, bikev, poorfamily, 7, 7, 0, 16, 0.600000, PoliceRadio
handling 6573 350.000000 1.100000 1.700000 1.200000 0.000000 0.000000 -0.100000 103 2.000000 0.900000 0.490000 3 190.000000 30.000000 R P 14.000000 0.500000 0 35.000000 1.000000 0.150000 0.100000 0.110000 10000 0.120000 -0.170000 0.500000 0.000000 10003 1 1
handling2 6573 0.350000 0.250000 0.150000 0.060000 35.000008 25.000002 0.890000 0.750000 0.800000 0.100000 35.000008 -44.999996 -0.010000 0.700000 0.500000
carcols, 6573, 46,66, 27,17, 1,20, 16,16
sounds, 6573, 285, 21, 0, 31000, 0, 9500, 1

default, 6574, MustangSSP, MustangSSP, car, null, Police_Trooper_Coupe', null, ignore, 1, 6, 0, 251, 0.730000, PoliceRadio
handling 6574 1400.000000 2.100000 4.500000 1.500000 0.000000 0.000000 -0.100000 70 1.050000 0.800000 0.460000 5 210.000000 29.000000 4 P 11.200000 0.490000 0 38.000000 2.100000 0.140000 0.300000 0.130000 30000 0.280000 -0.150000 0.500000 0.200000 9002 0 1
carcols, 6574, 70,38
sounds, 6574, 274, 10, 1, 10706, 27, 10511, 1

default, 6575, nascar, nascar, car, null, Carnas, null, executive, 10, 7, 20479, 254, 1.050000, PoliceRadio
handling 6575 1600.000000 2.300000 4.500000 1.300000 0.000000 0.200000 -0.320000 70 1.150000 0.890000 0.510000 5 210.000000 33.500000 R P 10.000000 0.520000 0 30.000000 1.900000 0.130000 0.400000 0.560000 45000 0.290000 -0.160000 0.500000 0.600000 208182 1 1
carcols, 6575, 7,53, 3,40, 35,53, 40,75, 42,2, 46,6
sounds, 6575, 268, 10, 0, 26513, 0, 9600, 1

default, 6576, NK450, NK450, bike, null, NK_450, bikes, normal, 10, 7, 0, 16, 0.660000, PoliceRadio
handling 6576 455.000000 0.800000 1.800000 1.200000 0.000000 0.050000 -0.090000 103 1.400000 0.900000 0.480000 5 180.000000 52.300000 R P 16.300000 0.500000 0 35.000000 0.850000 0.150000 0.000000 0.150000 10000 0.150000 -0.160000 0.500000 0.000000 10102 1 1
handling2 6576 0.350000 0.500000 0.300000 0.090000 48.000004 43.000000 0.920000 0.600000 1.000000 0.100000 44.999996 -35.000008 -0.007000 1.000000 0.500000
carcols, 6576, 7,84, 61,8, 3,78, 68,73, 5,34, 3,3, 6,78, 46,82
sounds, 6576, 287, 23, 0, 27000, 0, 9600, 1

default, 6577, ocelotti, ocelotti, car, null, Dundreary_Ocelotti, null, normal, 5, 7, 0, 253, 0.700000, PoliceRadio
handling 6577 1850.000000 2.100000 5.000000 1.600000 0.000000 -0.100000 -0.190000 70 0.960000 0.800000 0.450000 5 165.000000 22.800000 R P 6.500000 0.510000 0 30.000000 1.000000 0.050000 0.010000 0.410000 30000 0.350000 -0.180000 0.500000 0.000000 8001 1 1
carcols, 6577, 10,10, 41,41, 22,22, 66,66, 69,69
sounds, 6577, 273, 9, 0, 22293, 0, 9800, 1

default, 6578, orion, orion, car, null, Orion, null, poorfamily, 10, 7, 0, 253, 0.700000, PoliceRadio
handling 6578 1650.000000 2.000000 4.500000 1.400000 0.000000 0.100000 -0.010000 75 1.070000 0.860000 0.520000 4 155.000000 23.500000 R P 7.300000 0.430000 0 40.000000 2.400000 0.090000 0.200000 0.400000 10000 0.250000 -0.150000 0.500000 0.500000 2 1 1
carcols, 6578, 6,76
sounds, 6578, 278, 7, 0, 26513, 0, 9200, 0

default, 6579, parfaites, parfaites, car, null, Parfaite_S, null, normal, 6, 7, 0, 256, 0.700000, PoliceRadio
handling 6579 1000.000000 1.900000 4.500000 1.400000 0.000000 0.020000 0.010000 70 1.100000 0.780000 0.500000 5 160.000000 24.000000 F P 10.000000 0.600000 0 30.000000 2.000000 0.100000 0.260000 0.500000 9000 0.280000 -0.140000 0.500000 0.000000 2 0 0
carcols, 6579, 58,1, 69,1, 75,77, 18,1, 32,1, 45,45, 13,1, 34,1
sounds, 6579, 278, 14, 4, 10842, 0, 10000, 0

default, 6580, peren, peren, car, null, Henrietta, null, poorfamily, 10, 7, 0, 253, 0.660000, PoliceRadio
handling 6580 1200.000000 1.900000 5.000000 1.400000 0.000000 0.000000 0.100000 70 0.950000 0.800000 0.530000 5 150.000000 12.999999 F P 4.170000 0.800000 0 30.000000 1.400000 0.100000 0.200000 0.600000 10000 0.370000 -0.170000 0.500000 0.000000 A 1 1
carcols, 6580, 18,1, 37,1, 55,1, 59,1, 43,1, 47,1, 66,1, 31,1
sounds, 6580, 278, 14, 4, 12893, 0, 9500, 0

default, 6581, peyote, peyote, car, null, Vapid_Peyote, null, richfamily, 10, 7, 12272, 251, 0.700000, PoliceRadio
handling 6581 1550.000000 2.000000 4.500000 1.500000 0.000000 0.000000 0.060000 70 0.980000 0.860000 0.510000 4 160.000000 14.000000 R P 6.300000 0.500000 0 32.000000 1.500000 0.080000 0.260000 0.850000 9000 0.310000 -0.150000 0.500000 0.000000 102 0 0
carcols, 6581, 40,65, 71,72, 52,66, 64,72, 30,72, 60,72
sounds, 6581, 276, 12, 0, 26513, 0, 9200, 1

default, 6582, phoenix, phoenix, car, null, Phoenix, null, executive, 10, 7, 0, 250, 0.740000, PoliceRadio
handling 6582 1400.000000 2.300000 4.500000 1.600000 0.000000 0.200000 -0.250000 70 1.000000 0.800000 0.530000 5 200.000000 28.000000 R P 11.100000 0.520000 0 30.000000 1.400000 0.100000 0.340000 0.600000 45000 0.310000 -0.250000 0.500000 0.300000 208101 1 1
carcols, 6582, 1,1, 3,3, 2,2, 6,6, 79,41, 8,41, 12,76, 16,76
sounds, 6582, 274, 10, 0, 26513, 0, 9900, 1

default, 6583, platoon, platoon, car, null, Platoon, van, ignore, 1, 6, 0, 255, 1.57, PoliceRadio
handling 6583 14000.000000 3.100000 8.100000 3.800000 0.000000 0.000000 -0.300000 93 0.900000 0.780000 0.430000 5 98.800000 9.200000 4 D 8.170000 0.480000 0 30.000000 1.800000 0.045000 0.650000 0.200000 130000 0.400000 -0.150000 0.550000 0.300000 6004003 0 1
carcols, 6583, 43,43
sounds, 6583, 272, 8, 7, 29711, 0, 9600, 2

default, 6584, police, police, car, null, Police_Compact_SUV, null, ignore, 1, 6, 0, 254, 0.700000, PoliceRadio
handling 6584 2000.000000 2.200000 5.200000 2.200000 0.000000 0.200000 -0.200000 78 0.940000 0.790000 0.540000 5 180.000000 26.000000 4 D 9.200000 0.520000 0 36.000000 1.800000 0.150000 0.280000 0.330000 34000 0.350000 -0.310000 0.500000 0.000000 1000A02 0 1
carcols, 6584, 46,1
sounds, 6584, 277, 13, 5, 10924, 27, 10511, 0

default, 6585, pony, pony, car, null, Savidge_Speedo, van, worker, 10, 7, 0, 252, 0.700000, PoliceRadio
handling 6585 2700.000000 2.000000 6.500000 2.600000 0.000000 0.000000 -0.230000 80 0.880000 0.700000 0.460000 5 160.000000 17.000000 R D 6.300000 0.760000 0 30.000000 2.600000 0.070000 0.200000 0.500000 20000 0.350000 -0.150000 0.250000 0.000000 22 0 3
carcols, 6585, 62,62, 58,58, 62,62, 58,58, 32,32, 88,88, 1,1, 3,3
sounds, 6585, 270, 6, 3, 18000, 0, 9700, 0

default, 6586, pulver, pulver, car, null, Pulverizer, coach, big, 10, 7, 0, 255, 1.57, PoliceRadio
handling 6586 3700.000000 2.600000 6.500000 3.400000 0.000000 0.000000 0.000000 90 0.950000 0.650000 0.400000 5 120.000000 18.000000 R D 8.200000 0.290000 0 26.000000 1.800000 0.040000 0.650000 0.250000 35000 0.400000 -0.200000 0.500000 0.000000 2000100 0 1
carcols, 6586, 13,76, 24,77, 63,78, 42,76, 54,77, 39,78, 11,76, 62,77
sounds, 6586, 272, 8, 7, 29711, 0, 9960, 2

default, 6587, r20, r20, car, null, R-Twenty, null, normal, 10, 7, 0, 251, 0.700000, PoliceRadio
handling 6587 1450.000000 2.100000 5.400000 1.500000 0.000000 0.000000 -0.230000 75 0.980000 0.800000 0.520000 5 180.000000 19.200000 F P 9.100000 0.600000 0 35.000000 1.400000 0.100000 0.200000 0.510000 20000 0.250000 -0.150000 0.500000 0.000000 8002 0 1
carcols, 6587, 5,83, 7,83, 12,83, 33,83, 43,65, 22,65
sounds, 6587, 277, 13, 1, 10796, 0, 9200, 1

default, 6588, rattler, rattler, car, null, Rattler, null, richfamily, 10, 7, 0, 250, 0.68, PoliceRadio
handling 6588 2000.0 2.1 5.0 2.3 0.0 0.3 0.0 75 0.90 0.76 0.57 5 185.0 31.0 R P 6.1 0.52 0 35.0 2.0 0.12 0.26 0.20 26000 0.35 -0.29 0.4 0.0 1000802 1 1
carcols, 6588, 1,1, 3,3, 2,4, 46,39, 1,29, 70,29, 70,46, 70,39, 39,70, 43,37, 54,54, 3,6, 6,6, 51,34
sounds, 6588, 273, 9, 1, 9200, 0, 9800, 0

default, 6589, razor, razor, car, null, Razor, null, normal, 10, 7, 0, 253, 0.700000, PoliceRadio
handling 6589 1750.000000 2.000000 4.600000 1.500000 0.000000 0.150000 -0.010000 75 0.900000 0.730000 0.510000 5 170.000000 24.800000 R P 6.200000 0.550000 0 40.000000 1.100000 0.030000 0.200000 0.400000 10000 0.290000 -0.240000 0.500000 0.000000 2 1 1
carcols, 6589, 35,70, 20,70, 31,70, 57,70
sounds, 6589, 268, 4, 0, 26513, 0, 9200, 0

default, 6590, regina, regina, car, null, Regina, null, normal, 10, 7, 0, 251, 0.700000, PoliceRadio
handling 6590 1500.000000 1.900000 4.900000 1.700000 0.000000 0.000000 0.150000 75 0.800000 0.850000 0.520000 4 165.000000 16.000000 F P 5.000000 0.600000 0 30.000000 1.200000 0.100000 0.240000 0.480000 18000 0.270000 -0.170000 0.500000 0.200000 9 1 1
carcols, 6590, 53,32, 15,32, 45,32, 34,30, 65,32, 14,32, 12,32, 43,32
sounds, 6590, 275, 11, 5, 11000, 0, 9700, 1

default, 6591, remusa, remusa, car, null, Remus, null, richfamily, 10, 7, 0, 254, 0.720000, PoliceRadio
handling 6591 1700.000000 2.000000 4.900000 1.600000 0.000000 0.200000 -0.150000 75 0.950000 0.800000 0.550000 5 213.000000 25.400000 R P 10.000000 0.530000 0 30.000000 1.500000 0.130000 0.200000 0.650000 35000 0.230000 -0.160000 0.500000 0.500000 8102 0 1
carcols, 6591, 77,72, 3,72, 41,1, 79,79, 79,72, 39,75, 38,1, 35,72, 51,79, 14,79, 7,1, 12,79, 45,79, 53,75, 55,1, 54,72
sounds, 6591, 268, 4, 1, 9003, 0, 9300, 1

default, 6592, rinehart, rinehart, car, null, Ambassador, null, richfamily, 10, 7, 0, 251, 0.700000, PoliceRadio
handling 6592 1800.000000 2.000000 4.500000 1.500000 0.000000 0.000000 0.130000 70 1.000000 0.850000 0.500000 4 165.000000 14.800000 R P 7.000000 0.490000 0 32.000000 1.500000 0.080000 0.260000 0.850000 9000 0.310000 -0.150000 0.500000 0.000000 102 0 0
carcols, 6592, 40,65, 71,72, 52,66, 64,72, 30,72, 60,72
sounds, 6592, 278, 12, 0, 26513, 0, 9200, 1

default, 6593, roamer, roamer, car, null, Roamer, null, normal, 10, 7, 0, 252, 0.700000, PoliceRadio
handling 6593 2000.000000 2.200000 5.500000 2.500000 0.000000 0.000000 0.000000 85 0.900000 0.800000 0.470000 5 150.000000 15.000000 F D 5.500000 0.600000 0 30.000000 1.400000 0.100000 0.200000 0.750000 16000 0.350000 -0.150000 0.500000 0.000000 A 1 3
carcols, 6593, 43,43, 48,48, 54,54, 61,61, 64,64, 9,9, 13,13, 32,32
sounds, 6593, 278, 14, 4, 12170, 0, 9400, 0

default, 6594, sabretu, sabretu, car, null, Dagger_GTX, null, executive, 10, 7, 12272, 253, 0.700000, PoliceRadio
handling 6594 1800.000000 2.100000 4.500000 2.100000 0.000000 0.200000 0.100000 70 1.050000 0.840000 0.520000 5 180.000000 32.000000 R P 6.100000 0.520000 0 33.000000 1.200000 0.300000 0.300000 0.550000 45000 0.300000 -0.200000 0.500000 0.300000 3009901 1 1
carcols, 6594, 4,4, 9,9, 91,91, 43,43, 10,10, 71,71
sounds, 6594, 273, 9, 1, 9200, 0, 9800, 0

default, 6595, sanchezedit, sanchezedit, bike, null, Adventurer, biked, normal, 10, 7, 0, 23, 0.660000, PoliceRadio
handling 6595 450.000000 1.200000 1.800000 1.500000 0.000000 0.050000 -0.090000 103 1.600000 0.900000 0.460000 5 170.000000 53.000000 R P 19.000000 0.400000 0 35.000000 0.850000 0.150000 0.300000 0.150000 10000 0.150000 -0.160000 0.500000 0.000000 10003 1 1
handling2 6595 0.350000 0.500000 0.300000 0.090000 48.000004 43.000000 0.920000 0.600000 1.000000 0.100000 44.999996 -35.000008 -0.007000 1.000000 0.500000
carcols, 6595, 6,6, 46,46, 53,53, 3,3
sounds, 6595, 286, 22, 0, 30000, 0, 9000, 1

default, 6596, sbret, sbret, car, null, Siegbert, null, executive, 10, 6, 12272, 250, 0.700000, PoliceRadio
handling 6596 1400.000000 1.900000 4.700000 1.600000 0.000000 0.100000 -0.300000 75 1.100000 0.900000 0.500000 5 200.000000 28.000000 4 P 11.000000 0.450000 0 30.000000 2.000000 0.150000 0.250000 0.600000 35000 0.280000 -0.160000 0.500000 0.300000 2103 1 1
carcols, 6596, 1,1, 12,12, 2,2, 6,6, 4,4, 46,46, 53,53
sounds, 6596, 269, 5, 1, 9500, 0, 9800, 1

default, 6597, scorcher, scorcher, car, null, Scorcher, null, executive, 10, 7, 0, 237, 0.690000, PoliceRadio
handling 6597 1400.000000 2.300000 4.500000 1.600000 0.000000 0.000000 -0.250000 70 1.100000 0.840000 0.530000 5 200.000000 33.000000 R P 11.100000 0.520000 0 34.000000 1.800000 0.180000 0.300000 0.490000 45000 0.250000 -0.180000 0.500000 0.300000 8183 1 1
carcols, 6597, 1,1, 3,3, 37,37, 54,54, 49,49, 39,39, 38,38, 14,14, 75,75, 70,70, 40,40, 33,33
sounds, 6597, 274, 10, 6, 10400, 0, 9400, 1

default, 6598, securiblack, securiblack, car, null, SecuriSWAT, van, ignore, 1, 6, 0, 255, 1.00, PoliceRadio
handling 6598 6000.000000 2.600000 6.800000 3.300000 0.000000 0.000000 0.200000 90 0.810000 0.700000 0.460000 5 175.000000 15.000000 R D 8.300000 0.430000 0 27.000000 1.200000 0.100000 0.420000 0.350000 40000 0.350000 -0.150000 0.500000 0.000000 823 1 1
carcols, 6598, 43,43
sounds, 6598, 270, 6, 5, 8670, 0, 9300, 0

default, 6599, sentinl, sentinl, car, null, Lampadati_Komoda, null, normal, 10, 7, 0, 254, 0.700000, PoliceRadio
handling 6599 1400.000000 2.000000 4.900000 1.600000 0.000000 0.200000 -0.200000 75 0.910000 0.800000 0.550000 5 165.000000 24.000000 R P 10.170000 0.550000 0 30.000000 1.300000 0.130000 0.200000 0.560000 35000 0.270000 -0.150000 0.500000 0.300000 8102 0 1
carcols, 6599, 30,0, 2,0, 36,0, 8,0, 10,0, 11,0, 14,0, 49,0
sounds, 6599, 271, 7, 1, 10706, 0, 9600, 1

default, 6600, sentxs, sentxs, car, null, Beaufort, null, richfamily, 10, 7, 0, 254, 0.700000, PoliceRadio
handling 6600 1700.000000 2.000000 4.900000 1.600000 0.000000 0.200000 -0.150000 75 0.950000 0.800000 0.550000 5 200.000000 24.000000 R P 10.000000 0.530000 0 30.000000 1.500000 0.130000 0.200000 0.650000 35000 0.230000 -0.160000 0.500000 0.500000 8102 0 1
carcols, 6600, 51,0, 61,0, 41,0, 11,0, 64,0, 40,0, 38,0, 10,0
sounds, 6600, 268, 4, 1, 9003, 0, 9300, 1

default, 6601, sentxsclassic, sentxsclassic, car, null, Sentinel_Classic, null, richfamily, 10, 7, 0, 254, 0.700000, PoliceRadio
handling 6601 1650.000000 2.000000 4.900000 1.600000 0.000000 0.150000 0.100000 75 0.940000 0.800000 0.550000 5 200.000000 23.000000 R P 10.000000 0.540000 0 30.000000 1.500000 0.080000 0.200000 0.650000 35000 0.310000 -0.150000 0.500000 0.000000 8102 0 1
carcols, 6601, 51,0, 61,0, 41,0, 11,0, 64,0, 40,0, 38,0, 10,0
sounds, 6601, 268, 4, 1, 9003, 0, 9300, 1

default, 6602, silverdart, silverdart, car, null, Silverdart, null, richfamily, 10, 7, 0, 253, 0.700000, PoliceRadio
handling 6602 2350.000000 2.100000 5.000000 2.300000 0.000000 0.000000 0.300000 75 0.650000 0.650000 0.560000 4 180.000000 20.000000 R P 7.000000 0.640000 0 40.000000 0.800000 0.080000 0.260000 0.550000 110000 0.250000 -0.260000 0.500000 0.450000 102 1 1
carcols, 6602, 69,52, 85,61, 84,64, 89,69, 22,65
sounds, 6602, 276, 12, 0, 25400, 0, 9800, 0

default, 6603, skulker, skulker, car, null, Skulker, null, poorfamily, 10, 7, 0, 256, 0.700000, PoliceRadio
handling 6603 1200.000000 2.000000 4.500000 1.500000 0.000000 0.000000 0.200000 70 0.850000 0.880000 0.510000 4 165.000000 14.600000 F P 7.000000 0.740000 0 30.000000 1.000000 0.100000 0.260000 0.500000 9000 0.350000 -0.170000 0.500000 0.500000 2 0 0
carcols, 6603, 58,1, 69,1, 75,77, 18,1, 32,1, 45,45, 13,1, 34,1
sounds, 6603, 278, 14, 4, 11487, 0, 9900, 0

default, 6604, speedster, speedster, car, null, Speedster, null, executive, 10, 7, 12272, 253, 0.700000, PoliceRadio
handling 6604 1800.000000 1.900000 6.500000 1.600000 0.000000 0.050000 0.200000 75 0.620000 0.700000 0.550000 5 210.000000 28.000000 R P 5.200000 0.650000 0 30.000000 1.000000 0.100000 0.280000 0.400000 20000 0.350000 -0.170000 0.500000 0.500000 200002 1 1
carcols, 6604, 4,4, 8,8, 9,9, 15,15, 22,22, 41,41, 52,52, 63,63
sounds, 6604, 276, 12, 4, 10300, 0, 9100, 0

default, 6605, stalion, stalion, car, null, Stallion, null, poorfamily, 10, 7, 12272, 253, 0.700000, PoliceRadio
handling 6605 1600.000000 2.100000 5.000000 1.800000 0.000000 0.000000 0.100000 70 0.800000 0.750000 0.550000 4 160.000000 23.000000 R P 8.170000 0.520000 0 35.000000 1.500000 0.100000 0.300000 0.640000 19000 0.300000 -0.200000 0.500000 0.000000 2901 1 1
carcols, 6605, 57,8, 8,17, 43,21, 54,38, 67,8, 37,78, 65,79, 25,78
sounds, 6605, 278, 14, 4, 10233, 0, 9800, 1

default, 6606, stinger, stinger, car, null, Grotti_Imola, null, executive, 10, 7, 12272, 250, 0.700000, PoliceRadio
handling 6606 1350.000000 1.900000 4.700000 1.500000 0.000000 0.000000 -0.300000 85 1.200000 0.850000 0.520000 5 200.000000 28.000000 F P 11.000000 0.450000 0 30.000000 1.800000 0.200000 0.250000 0.500000 35000 0.280000 -0.150000 0.500000 0.400000 A102 1 1
carcols, 6606, 5,5, 6,6, 10,10, 35,35, 33,33, 8,8, 2,2, 3,3
sounds, 6606, 269, 5, 6, 11025, 0, 9890, 1

default, 6607, stork, stork, car, null, Willard_Stork, null, normal, 5, 7, 0, 253, 0.700000, PoliceRadio
handling 6607 1700.000000 1.900000 4.900000 1.600000 0.000000 0.000000 0.100000 75 0.860000 0.700000 0.520000 5 170.000000 17.000000 R P 5.000000 0.500000 0 30.000000 1.200000 0.150000 0.280000 0.450000 20000 0.270000 -0.190000 0.500000 0.550000 200002 2 1
carcols, 6607, 51,1, 58,8, 60,1, 68,8, 2,1, 13,8, 22,1, 36,8
sounds, 6607, 275, 11, 4, 10500, 0, 9000, 0

default, 6608, streetfi, streetfi, bike, null, Streetfighter, bikes, motorbike, 10, 7, 0, 23, 0.660000, PoliceRadio
handling 6608 500.000000 0.800000 1.800000 1.200000 0.000000 0.150000 -0.090000 103 1.600000 0.900000 0.480000 5 185.000000 50.000000 R P 14.000000 0.500000 0 35.000000 0.850000 0.150000 0.300000 0.150000 10000 0.150000 -0.160000 0.500000 0.000000 110003 1 1
handling2 6608 0.350000 0.500000 0.300000 0.150000 48.000000 43.000000 0.920000 0.600000 1.000000 0.100000 45.000008 -35.000000 -0.007000 1.000000 0.500000
carcols, 6608, 24,72, 34,73, 44,74, 54,75
sounds, 6608, 287, 23, 0, 27000, 0, 9600, 1

default, 6609, stretch, stretch, car, null, Limonado, null, taxi, 10, 7, 7952, 251, 0.750000, PoliceRadio
handling 6609 2300.000000 2.000000 7.300000 1.300000 0.000000 0.000000 0.230000 75 0.670000 0.800000 0.500000 5 180.000000 10.000000 F P 10.000000 0.400000 0 30.000000 1.400000 0.100000 0.200000 0.720000 40000 0.370000 -0.170000 0.500000 0.000000 8102 1 1
carcols, 6609, 84,84, 1,1, 79,79, 78,78
sounds, 6609, 278, 14, 1, 9538, 0, 9900, 1

default, 6610, sunrise, sunrise, car, null, Sunrise, null, normal, 10, 7, 0, 254, 0.700000, PoliceRadio
handling 6610 1400.000000 2.000000 4.900000 1.600000 0.000000 0.200000 -0.150000 75 0.920000 0.800000 0.550000 5 160.000000 24.500000 R P 10.180000 0.540000 0 30.000000 1.300000 0.130000 0.200000 0.560000 35000 0.270000 -0.150000 0.500000 0.300000 8102 0 1
carcols, 6610, 30,0, 2,0, 36,0, 8,0, 10,0, 11,0, 14,0, 49,0
sounds, 6610, 271, 7, 1, 10706, 0, 9600, 1

default, 6611, swatvan, swatvan, car, null, VCPD_HippopoTruck, van, ignore, 1, 6, 0, 255, 1.57, PoliceRadio
handling 6611 9000.000000 2.600000 6.800000 3.300000 0.000000 0.000000 0.000000 90 0.830000 0.800000 0.430000 5 150.000000 17.000000 4 P 9.400000 0.450000 0 27.000000 1.200000 0.100000 0.420000 0.350000 40000 0.350000 -0.150000 0.500000 0.000000 4004823 1 1
carcols, 6611, 4,75
sounds, 6611, 270, 6, 5, 8670, 0, 9300, 0

default, 6612, swindler, swindler, car, null, Swindler, null, richfamily, 10, 7, 0, 253, 0.700000, PoliceRadio
handling 6612 1600.000000 2.100000 5.000000 1.800000 0.000000 0.000000 0.100000 70 0.800000 0.750000 0.550000 5 169.000000 23.000000 R P 8.170000 0.520000 0 35.000000 1.500000 0.100000 0.300000 0.640000 19000 0.300000 -0.200000 0.500000 0.000000 2901 1 1
carcols, 6612, 57,7, 56,59, 44,45, 45,49, 67,8, 37,78, 65,79, 25,78, 53,53, 56,52, 46,46, 60,60, 61,61, 70,70, 1,67, 1,54, 1,45, 1,31
sounds, 6612, 276, 12, 4, 10500, 0, 9000, 0

default, 6613, thron, thron, car, null, Thron, null, normal, 10, 7, 0, 256, 0.650000, PoliceRadio
handling 6613 1800.000000 2.000000 5.000000 1.600000 0.000000 0.000000 0.000000 70 0.900000 0.800000 0.520000 5 176.000000 18.000000 R P 3.400000 0.600000 0 28.000000 1.000000 0.050000 0.360000 0.540000 19000 0.350000 -0.180000 0.500000 0.000000 1 0 3
sounds, 6613, 278, 14, 1, 11000, 0, 9300, 0

default, 6614, thunder, thunder, car, null, Thunder, null, normal, 10, 7, 0, 250, 0.700000, PoliceRadio
handling 6614 1350.000000 2.300000 4.400000 1.500000 0.000000 0.000000 -0.150000 75 1.050000 0.790000 0.520000 5 200.000000 28.000000 4 P 11.100000 0.530000 0 35.000000 2.000000 0.150000 0.200000 0.240000 25000 0.280000 -0.160000 0.500000 0.300000 9002 0 1
carcols, 6614, 1,1, 3,3, 2,2, 6,6, 79,41, 8,41, 12,76, 16,76
sounds, 6614, 274, 10, 0, 26513, 0, 9900, 1

default, 6615, tribute, tribute, car, null, Declasse_Tribute, null, poorfamily, 10, 7, 0, 254, 0.700000, PoliceRadio
handling 6615 2100.000000 2.100000 5.000000 2.300000 0.000000 0.300000 0.030000 75 0.830000 0.760000 0.570000 5 175.000000 16.000000 R P 8.700000 0.500000 0 35.000000 1.800000 0.080000 0.260000 0.200000 26000 0.350000 -0.240000 0.400000 0.000000 1000A02 0 1
carcols, 6615, 5,8, 32,8, 43,8, 67,8, 11,11, 8,90, 2,2, 83,13
sounds, 6615, 276, 12, 5, 10924, 0, 9000, 0

default, 6616, turismo84, turismo84, car, null, Karin_140z, null, executive, 10, 7, 0, 250, 0.800000, PoliceRadio
handling 6616 1150.000000 2.000000 4.500000 1.400000 0.000000 0.100000 -0.130000 70 1.350000 0.990000 0.460000 5 220.000000 29.000000 R P 10.200000 0.500000 0 30.000000 2.100000 0.200000 0.400000 0.540000 105000 0.230000 -0.130000 0.450000 0.200000 1008181 0 0
carcols, 6616, 14,14, 21,21, 22,22, 48,48, 47,47, 2,2, 11,11, 79,79
sounds, 6616, 269, 5, 6, 11025, 0, 9500, 1

default, 6617, urban, urban, car, null, Urban_'82, null, normal, 10, 7, 0, 251, 0.700000, PoliceRadio
handling 6617 1100.000000 2.000000 3.400000 2.300000 0.000000 0.000000 -0.200000 70 1.100000 0.860000 0.500000 5 160.000000 20.000000 F D 12.000000 0.510000 0 30.000000 1.800000 0.070000 0.250000 0.500000 7500 0.250000 -0.100000 0.500000 0.200000 1 1 1
carcols, 6617, 58,8, 2,8, 18,8, 32,70, 45,70, 13,70, 34,8
sounds, 6617, 275, 11, 0, 27513, 0, 9700, 0

default, 6618, vamos, vamos, car, null, Declasse_Vamos, null, worker, 10, 7, 0, 253, 0.640000, PoliceRadio
handling 6618 1850.000000 2.000000 5.000000 1.800000 0.000000 0.000000 -0.020000 70 0.960000 0.810000 0.500000 4 180.000000 19.000000 R P 5.500000 0.560000 0 28.000000 1.600000 0.050000 0.530000 0.540000 19000 0.300000 -0.280000 0.500000 0.600000 2 0 3
carcols, 6618, 45,75, 47,76, 33,75, 13,76, 54,75, 69,76, 59,75, 87,76
sounds, 6618, 276, 12, 1, 11000, 0, 9300, 0

default, 6619, vcpdbox, vcpdbox, car, null, VCPD_Boxville, null, ignore, 1, 6, 0, 239, 0.700000, PoliceRadio
handling 6619 3700.000000 2.000000 5.000000 2.500000 0.000000 0.000000 0.000000 85 0.750000 0.750000 0.500000 4 145.000000 12.000000 F D 4.170000 0.800000 0 35.000000 1.200000 0.100000 0.240000 0.270000 39000 0.350000 -0.150000 0.500000 0.000000 4426 0 1
carcols, 6619, 46,1
sounds, 6619, 270, 6, 5, 8670, 27, 11029, 0

default, 6620, vcpdcomet, vcpdcomet, car, null, VCPD_Comet, null, big, 1, 6, 12272, 250, 0.700000, PoliceRadio
handling 6620 1400.000000 1.900000 4.700000 1.600000 0.000000 0.100000 -0.300000 75 1.100000 0.900000 0.500000 5 200.000000 28.000000 4 P 11.000000 0.450000 0 30.000000 2.000000 0.150000 0.250000 0.600000 35000 0.280000 -0.160000 0.500000 0.300000 2103 1 1
carcols, 6620, 1,1
sounds, 6620, 269, 5, 1, 9500, 27, 11000, 1

default, 6621, venture, venture, car, null, Albany_Venture, null, richfamily, 10, 7, 0, 251, 0.750000, PoliceRadio
handling 6621 1650.000000 2.000000 4.900000 1.460000 0.000000 0.100000 -0.060000 75 0.910000 0.700000 0.510000 5 170.000000 22.600000 4 P 10.000000 0.400000 0 30.000000 1.210000 0.130000 0.200000 0.540000 40000 0.320000 -0.170000 0.500000 0.450000 8002 0 1
carcols, 6621, 38,38, 41,41, 54,54, 63,63, 56,8, 10,10, 16,16, 21,21
sounds, 6621, 274, 10, 5, 11200, 0, 9300, 1

default, 6622, verdana, verdana, car, null, Verdana, null, normal, 10, 7, 0, 251, 0.700000, PoliceRadio
handling 6622 1350.000000 2.100000 5.400000 1.500000 0.000000 0.000000 -0.130000 75 0.980000 0.800000 0.520000 5 170.000000 19.200000 F P 9.100000 0.600000 0 35.000000 1.400000 0.100000 0.200000 0.510000 20000 0.250000 -0.150000 0.500000 0.000000 8002 0 1
carcols, 6622, 5,83, 7,83, 12,83, 33,83, 43,65, 22,65
sounds, 6622, 277, 13, 1, 10796, 0, 9200, 1

default, 6623, vincexs, vincexs, car, null, Coburg_SK, null, normal, 10, 7, 0, 237, 0.700000, PoliceRadio
handling 6623 1500.000000 2.200000 4.900000 1.700000 0.000000 0.000000 0.180000 75 0.800000 0.850000 0.520000 5 185.000000 23.999998 R P 9.800000 0.520000 0 30.000000 2.100000 0.110000 0.280000 0.520000 35000 0.270000 -0.160000 0.500000 0.350000 8182 0 1
carcols, 6623, 1,1, 3,3, 6,6, 46,46
sounds, 6623, 274, 10, 1, 9700, 0, 9700, 1

default, 6624, vivant, vivant, car, null, Vivant, null, poorfamily, 10, 7, 0, 256, 0.700000, PoliceRadio
handling 6624 900.000000 2.000000 4.300000 1.500000 0.000000 0.000000 0.100000 70 0.800000 0.860000 0.500000 4 150.000000 13.000000 F P 7.000000 0.700000 0 30.000000 1.600000 0.080000 0.260000 0.500000 9000 0.310000 -0.110000 0.500000 0.000000 2 0 0
carcols, 6624, 58,1, 69,1, 75,77, 18,1, 32,1, 45,45, 13,1, 34,1
sounds, 6624, 278, 14, 4, 10842, 0, 10000, 0

default, 6625, voodoo, voodoo, car, null, Voodoo_Lowrider, null, poorfamily, 10, 7, 0, 253, 0.700000, PoliceRadio
handling 6625 1850.000000 2.100000 5.200000 1.350000 0.000000 0.030000 -0.080000 80 0.950000 0.800000 0.450000 5 170.000000 23.000000 R P 6.600000 0.500000 0 30.000000 1.200000 0.050000 0.360000 0.410000 30000 0.210000 -0.170000 0.500000 0.400000 8002 1 1
carcols, 6625, 13,72
sounds, 6625, 276, 12, 0, 22293, 0, 9800, 1

default, 6626, walton, walton, car, null, Walton, null, worker, 10, 7, 0, 254, 0.700000, PoliceRadio
handling 6626 1850.000000 2.100000 5.000000 2.100000 0.000000 0.000000 0.000000 75 0.800000 0.690000 0.500000 4 150.000000 14.000000 4 D 6.500000 0.500000 0 35.000000 2.000000 0.120000 0.260000 0.190000 26000 0.350000 -0.180000 0.400000 0.000000 A02 1 1
carcols, 6626, 72,72, 93,93, 4,4, 11,11, 42,42, 51,51, 60,60, 64,64
sounds, 6626, 278, 14, 4, 10540, 0, 9935, 2

default, 6627, washing, washing, car, null, Rowley, null, executive, 10, 7, 0, 251, 0.700000, PoliceRadio
handling 6627 1650.000000 2.000000 4.900000 1.550000 0.000000 0.000000 -0.060000 75 0.840000 0.890000 0.510000 5 210.000000 22.000000 R P 9.500000 0.600000 0 30.000000 1.100000 1.200000 0.240000 0.600000 18000 0.270000 -0.230000 0.500000 0.350000 8101 1 1
carcols, 6627, 9,9, 30,30, 36,36, 42,42, 13,13, 25,25, 54,54, 60,60
sounds, 6627, 271, 7, 1, 10500, 0, 9100, 1

default, 6628, washingc, washingc, car, null, Washington_Classic, null, executive, 10, 7, 0, 251, 0.700000, PoliceRadio
handling 6628 1950.000000 2.100000 5.600000 1.700000 0.000000 0.000000 0.200000 65 0.860000 0.660000 0.510000 5 190.000000 21.800000 R P 7.600000 0.630000 0 30.000000 1.200000 0.100000 0.240000 0.600000 18000 0.300000 -0.190000 0.500000 0.400000 208181 1 1
carcols, 6628, 9,9, 30,30, 36,36, 42,42, 13,13, 25,25, 54,54, 60,60
sounds, 6628, 276, 7, 1, 10500, 0, 9100, 1

default, 6629, wayfarer, wayfarer, bike, null, Wayfarer_Chopper, bikeh, normal, 10, 6, 0, 23, 0.670000, PoliceRadio
handling 6629 600.000000 1.000000 2.200000 1.500000 0.000000 0.080000 0.000000 103 1.500000 0.830000 0.490000 4 190.000000 42.000000 R P 11.000000 0.560000 0 35.000000 0.650000 0.200000 0.300000 0.220000 10000 0.090000 -0.110000 0.550000 0.000000 10103 1 1
handling2 6629 0.330000 0.150000 0.280000 0.150000 44.999996 38.000004 0.930000 0.700000 0.500000 0.100000 35.000008 -40.000000 -0.009000 0.700000 0.600000
carcols, 6629, 79,13, 84,22, 7,35, 11,38, 19,2, 22,3, 36,48, 53,51
sounds, 6629, 284, 20, 0, 27000, 0, 9600, 1

default, 6630, Zenon, Zenon, car, null, Beach_Wagon, null, moped, 10, 7, 0, 238, 0.900000, PoliceRadio
handling 6630 1100.000000 2.000000 3.500000 1.500000 0.000000 0.200000 0.000000 80 1.000000 0.880000 0.500000 4 155.000000 20.000000 4 P 6.100000 0.550000 0 35.000000 1.300000 0.050000 0.380000 0.400000 16000 0.330000 -0.170000 0.500000 0.000000 700a808 1 2
carcols, 6630, 58,1, 2,1, 5,1, 18,1, 32,1, 45,1, 13,1, 34,1
sounds, 6630, 270, 6, 0, 26513, 0, 9100, 0

